Layer: conv2d
Weights: [[[[-0.08978351 -0.06288206 -0.09112723 -0.0545865  -0.09468372
     0.11507055 -0.01728223 -0.17078874  0.06318096  0.06676711
    -0.09260014  0.05666734 -0.11157162 -0.08079249 -0.02730373
    -0.13462576 -0.01570492  0.15576327  0.09407344  0.08601301]]

  [[ 0.05341648 -0.05159757  0.00328399 -0.20135845  0.11611075
    -0.14362884 -0.12316307 -0.16732167 -0.191392    0.03311359
    -0.02405089 -0.05897687  0.00056285  0.00553129  0.04905184
    -0.0621799  -0.03504359 -0.12848906 -0.09658934 -0.00546092]]

  [[-0.10208762 -0.0811138   0.04849447  0.12342084  0.0167468
     0.05337274 -0.01468831 -0.02253423  0.11219559 -0.11642128
     0.1447308   0.00872497  0.04127022 -0.19871031  0.01613213
    -0.16265927 -0.09699846  0.06705405  0.02485087  0.04070834]]]


 [[[-0.11550153  0.03416429 -0.11196996 -0.18762484  0.07539576
    -0.157288   -0.15604483 -0.0268706   0.135367   -0.01776623
    -0.02387298 -0.03341199  0.11750098 -0.14868423  0.14655377
     0.08435073 -0.01749502 -0.14706117  0.06433503 -0.13659197]]

  [[ 0.08913363  0.10975745  0.1444003   0.14820686 -0.12667513
    -0.0607465   0.13866934 -0.06558539  0.08045367  0.00240935
    -0.07053641  0.02807325 -0.16670053  0.09699874 -0.13161907
     0.15391101 -0.06361167  0.04949156 -0.08069965 -0.09369422]]

  [[ 0.0809882  -0.16169432 -0.15730791  0.07187732 -0.05288281
    -0.03394466  0.13955593  0.05090016 -0.16618097  0.1215371
     0.01924833  0.08533267 -0.17248632 -0.003667    0.08063235
    -0.06654386  0.03262366  0.0709736  -0.12603778 -0.15903632]]]


 [[[ 0.10349843 -0.08544961  0.06443302  0.13407032 -0.10072799
     0.10046534 -0.20487031 -0.16852804 -0.17397913 -0.03025482
     0.14420679 -0.1296295   0.07709248 -0.11165665 -0.16634268
    -0.17403327  0.04525241 -0.08822843 -0.02292815 -0.0076337 ]]

  [[-0.04184162  0.03587585 -0.12759018  0.07320224 -0.12281661
     0.08300575  0.11080005  0.04145472 -0.0020831   0.00315546
    -0.03974883 -0.03816411 -0.0140927   0.12851666 -0.08840475
    -0.02223696  0.10249815 -0.12078942  0.07921494 -0.092835  ]]

  [[-0.08588216 -0.04803136 -0.11999903 -0.10944784 -0.1209157
    -0.08597299  0.11984532  0.07521747  0.06306909 -0.11335136
    -0.14615415  0.07482839 -0.02024339  0.0390185  -0.02555794
    -0.01359715  0.06179224 -0.09702954  0.09734541 -0.11726349]]]]
Biases: [-0.02957097 -0.00252625 -0.00500138 -0.03579255 -0.00485372 -0.02972542
 -0.03956861 -0.02176592 -0.0231821  -0.02277269 -0.02151245 -0.05780184
 -0.01281061 -0.03381092 -0.01804869 -0.00695689 -0.04730018 -0.00774823
 -0.08554944 -0.00635848]
